accuracy: 0.995
precision: 0.9772151898734177
recall: 0.9974160206718347
f1_score: 0.9872122762148338
