accuracy: 0.995
precision: 0.9748110831234257
recall: 1.0
f1_score: 0.9872448979591836
