accuracy: 0.9955
precision: 0.9772727272727273
recall: 1.0
f1_score: 0.9885057471264368
